Entities:
  - Entity: Root
    UUID: 65cf0019-1761-4283-ae6f-c895322212cf
    TransformComponent:
      position: [0, 0, 0]
      rotation: [0, 0, 0, 1]
      scale: [1, 1, 1]
  - Entity: Sphere
    UUID: 4292037a-7bfb-4632-87eb-420cc8fb66b0
    Parent: 65cf0019-1761-4283-ae6f-c895322212cf
    TransformComponent:
      position: [0, 0, 0]
      rotation: [0, 0, 0, 1]
      scale: [1, 1, 1]
    MeshComponent:
      mesh: f552840a-bf22-4ceb-be8f-d8e41a40e047
      material: 1d3b9384-6100-4456-ae2a-ec1fd48b0f85
  - Entity: Light
    UUID: 0bd52170-9cc4-431f-b610-22980a2ebe94
    Parent: 65cf0019-1761-4283-ae6f-c895322212cf
    TransformComponent:
      position: [-10, -10, -10]
      rotation: [0.353553414, 0.353553414, -0.14644663, 0.853553355]
      scale: [1, 1, 1]
    DirectionalLight:
      {}
  - Entity: Camera
    UUID: 89241541-e19c-4e14-b4a7-fc606e3eddd8
    Parent: 65cf0019-1761-4283-ae6f-c895322212cf
    TransformComponent:
      position: [0, 0.25, -2.5]
      rotation: [0, 0.998758554, 0.0498137027, -0]
      scale: [1, 1, 1]
    CameraComponent:
      nearClipPlane: 0.1
      farClipPlane: 250
      fieldOfView: 60
      left: -10
      right: 10
      top: 10
      bottom: -10
      orthoNear: 1
      orthoFar: 100
      useSkybox: false
      clearColor: [1, 1, 1, 1]
  - Entity: Quad
    UUID: 366991f1-9290-44af-a39d-e504a60b14ab
    Parent: 65cf0019-1761-4283-ae6f-c895322212cf
    TransformComponent:
      position: [0, -1.25, 0]
      rotation: [0.707106829, 0, 0, 0.707106829]
      scale: [10, 10, 10]
    MeshComponent:
      mesh: b87de123-86a0-48db-8499-0cc9e38bd6c8
      material: ""