Entities:
  - Entity: Root
    UUID: 658eefa2-8117-4e5a-bfff-d91ce96d3e41
    TransformComponent:
      position: [0, 0, 0]
      rotation: [0, 0, 0, 1]
      scale: [1, 1, 1]
  - Entity: Sphere
    UUID: 09e69c6f-3f81-44b3-b570-3f1cd370cb43
    Parent: 658eefa2-8117-4e5a-bfff-d91ce96d3e41
    TransformComponent:
      position: [0, 0, 0]
      rotation: [0, 0, 0, 1]
      scale: [1, 1, 1]
    MeshComponent:
      mesh: f552840a-bf22-4ceb-be8f-d8e41a40e047
      material: 734f562e-b6c9-4396-a410-61301619f2ef
  - Entity: Light
    UUID: 367f50b7-4821-41b0-b532-8cf49d4b314b
    Parent: 658eefa2-8117-4e5a-bfff-d91ce96d3e41
    TransformComponent:
      position: [-10, -10, -10]
      rotation: [0.353553414, 0.353553414, -0.14644663, 0.853553355]
      scale: [1, 1, 1]
    DirectionalLight:
      {}
  - Entity: Camera
    UUID: 0ac3600f-2d7d-47c6-b4b1-1e9ff9e60d63
    Parent: 658eefa2-8117-4e5a-bfff-d91ce96d3e41
    TransformComponent:
      position: [0, 0.25, -2.5]
      rotation: [0, 0.998758554, 0.0498137027, -0]
      scale: [1, 1, 1]
    CameraComponent:
      nearClipPlane: 0.1
      farClipPlane: 250
      fieldOfView: 60
      left: -10
      right: 10
      top: 10
      bottom: -10
      orthoNear: 1
      orthoFar: 100
      useSkybox: false
      clearColor: [1, 1, 1, 1]
  - Entity: Quad
    UUID: f844c68f-7dba-47f0-80ba-45b00c0f69db
    Parent: 658eefa2-8117-4e5a-bfff-d91ce96d3e41
    TransformComponent:
      position: [0, -1.25, 0]
      rotation: [0.707106829, 0, 0, 0.707106829]
      scale: [10, 10, 10]
    MeshComponent:
      mesh: b87de123-86a0-48db-8499-0cc9e38bd6c8
      material: ""