Entities:
  - Entity: Root
    UUID: 0b49b07b-4a55-42b3-acc5-8f4b6f29a1ea
    TransformComponent:
      position: [0, 0, 0]
      rotation: [0, 0, 0, 1]
      scale: [1, 1, 1]
  - Entity: Sphere
    UUID: fb271a87-36bf-41bd-831c-15d31d8ea217
    Parent: 0b49b07b-4a55-42b3-acc5-8f4b6f29a1ea
    TransformComponent:
      position: [0, 0, 0]
      rotation: [0, 0, 0, 1]
      scale: [1, 1, 1]
    MeshComponent:
      mesh: f552840a-bf22-4ceb-be8f-d8e41a40e047
      material: 734f562e-b6c9-4396-a410-61301619f2ef
  - Entity: Light
    UUID: 7c35360f-cc40-4dfa-a918-56720e1f4e15
    Parent: 0b49b07b-4a55-42b3-acc5-8f4b6f29a1ea
    TransformComponent:
      position: [-10, -10, -10]
      rotation: [0.353553414, 0.353553414, -0.14644663, 0.853553355]
      scale: [1, 1, 1]
    DirectionalLight:
      {}
  - Entity: Camera
    UUID: dc248005-e4be-48f2-b2da-0746a08601c7
    Parent: 0b49b07b-4a55-42b3-acc5-8f4b6f29a1ea
    TransformComponent:
      position: [0, 0.25, -2.5]
      rotation: [0, 0.998758554, 0.0498137027, -0]
      scale: [1, 1, 1]
    CameraComponent:
      nearClipPlane: 0.1
      farClipPlane: 250
      fieldOfView: 60
      left: -10
      right: 10
      top: 10
      bottom: -10
      orthoNear: 1
      orthoFar: 100
  - Entity: Quad
    UUID: 3d7acf8b-cb3a-486b-af86-7cb985882532
    Parent: 0b49b07b-4a55-42b3-acc5-8f4b6f29a1ea
    TransformComponent:
      position: [0, -1.25, 0]
      rotation: [0.707106829, 0, 0, 0.707106829]
      scale: [10, 10, 10]
    MeshComponent:
      mesh: b87de123-86a0-48db-8499-0cc9e38bd6c8
      material: ""