Entities:
  - Entity: Root
    UUID: 7683fb04-9878-409f-9770-43fa212b2643
    TransformComponent:
      position: [0, 0, 0]
      rotation: [0, 0, 0, 1]
      scale: [1, 1, 1]
  - Entity: Sphere
    UUID: 93b575eb-698a-4941-a843-028c7cc87e43
    Parent: 7683fb04-9878-409f-9770-43fa212b2643
    TransformComponent:
      position: [0, 0, 0]
      rotation: [0, 0, 0, 1]
      scale: [1, 1, 1]
    MeshComponent:
      mesh: f552840a-bf22-4ceb-be8f-d8e41a40e047
      material: 734f562e-b6c9-4396-a410-61301619f2ef
  - Entity: Light
    UUID: adf8d66e-8efb-4d1a-8ab6-a8b0d07fa9c5
    Parent: 7683fb04-9878-409f-9770-43fa212b2643
    TransformComponent:
      position: [-10, -10, -10]
      rotation: [0.353553414, 0.353553414, -0.14644663, 0.853553355]
      scale: [1, 1, 1]
    DirectionalLight:
      {}
  - Entity: Camera
    UUID: c1909aba-6c46-4e6c-ba04-14561ebbc366
    Parent: 7683fb04-9878-409f-9770-43fa212b2643
    TransformComponent:
      position: [0, 0.25, -2.5]
      rotation: [0, 0.998758554, 0.0498137027, -0]
      scale: [1, 1, 1]
    CameraComponent:
      nearClipPlane: 0.1
      farClipPlane: 250
      fieldOfView: 60
      left: -10
      right: 10
      top: 10
      bottom: -10
      orthoNear: 1
      orthoFar: 100
  - Entity: Quad
    UUID: 64f61069-4713-4238-88c9-6dd6c7096941
    Parent: 7683fb04-9878-409f-9770-43fa212b2643
    TransformComponent:
      position: [0, -1.25, 0]
      rotation: [0.707106829, 0, 0, 0.707106829]
      scale: [10, 10, 10]
    MeshComponent:
      mesh: b87de123-86a0-48db-8499-0cc9e38bd6c8
      material: ""