Entities:
  - Entity: Root
    UUID: 26d8a5fe-e5b6-4f41-8e36-968e5d50f913
    TransformComponent:
      position: [0, 0, 0]
      rotation: [0, 0, 0, 0]
      scale: [1, 1, 1]
  - Entity: Quad
    UUID: f061f5c3-aba7-4596-bea5-b6980c2443f5
    Parent: 26d8a5fe-e5b6-4f41-8e36-968e5d50f913
    TransformComponent:
      position: [5, 3, 0]
      rotation: [0, 0, 0, 1]
      scale: [1, 2, 1]
    MeshComponent:
      meshUUID: 6f96cb9a-ad5a-4a5b-bc26-c7ebf27fb931
  - Entity: Quad
    UUID: 09cfbeea-76e0-4728-a447-55ff1ee34874
    Parent: 26d8a5fe-e5b6-4f41-8e36-968e5d50f913
    TransformComponent:
      position: [-5.69433451, 2, 0]
      rotation: [0, 0, 0, 1]
      scale: [1, 1, 1]
    MeshComponent:
      meshUUID: 6f96cb9a-ad5a-4a5b-bc26-c7ebf27fb931
  - Entity: Camera
    UUID: a3c89449-d89f-4f18-8fae-aa3c3950460c
    Parent: 26d8a5fe-e5b6-4f41-8e36-968e5d50f913
    TransformComponent:
      position: [0, 11.6093903, 27.2935123]
      rotation: [0, 0, 0, 1]
      scale: [1, 1, 1]
    CameraComponent:
      nearClipPlane: 0.3
      farClipPlane: 1000
      fieldOfView: 60
      left: -10
      right: 10
      top: 10
      bottom: -10
      orthoNear: 1
      orthoFar: 100
  - Entity: Quad
    UUID: d12bbb59-1bd4-4ce0-ab2c-a1ce62286575
    Parent: 26d8a5fe-e5b6-4f41-8e36-968e5d50f913
    TransformComponent:
      position: [0, 0, 0]
      rotation: [0, 0, 0, 1]
      scale: [40, 1, 40]
    MeshComponent:
      meshUUID: 6f96cb9a-ad5a-4a5b-bc26-c7ebf27fb931