Entities:
  - Entity: Root
    UUID: 9c5194ad-bf52-4ab4-8700-a61c20fdb2a3
    TransformComponent:
      position: [0, 0, 0]
      rotation: [0, 0, 0, 1]
      scale: [1, 1, 1]
  - Entity: Mesh
    UUID: 1c8cd0d7-4ec9-4206-a33c-2c0cbcf16726
    Parent: 9c5194ad-bf52-4ab4-8700-a61c20fdb2a3
    TransformComponent:
      position: [0, 0, 0]
      rotation: [0.758460164, -0.0626559556, -0.0534069426, 0.646498382]
      scale: [0.999998927, 1.00000238, 1.00000322]
    MeshComponent:
      mesh: a9a9fb91-c82a-4231-82a7-cdc330355de0
      material: 549e5c09-2cae-4678-a841-a1be17df241e
  - Entity: Mesh
    UUID: fc527bca-c22c-48d5-8470-856baaa4a024
    Parent: 9c5194ad-bf52-4ab4-8700-a61c20fdb2a3
    TransformComponent:
      position: [0, 0.357818186, 0.251596063]
      rotation: [-0.691131473, 0, 0, 0.722729146]
      scale: [6.13129902, 6.13180304, 6.13180304]
    MeshComponent:
      mesh: b9da1cea-e168-4dc2-a050-a2f3900935db
      material: 78a20504-2f51-4c9d-a60d-cad2ea897691
  - Entity: Camera
    UUID: b0acd414-60bb-4bb2-a6e1-1408aae4eb3f
    Parent: 9c5194ad-bf52-4ab4-8700-a61c20fdb2a3
    TransformComponent:
      position: [5.29467726, -0.000153153756, -19.4584732]
      rotation: [-0.0225191582, -0.977126777, -0.162238464, 0.135627702]
      scale: [1.00002956, 1.00000167, 1.00002837]
    CameraComponent:
      nearClipPlane: 0.3
      farClipPlane: 1000
      fieldOfView: 60
      left: -10
      right: 10
      top: 10
      bottom: -10
      orthoNear: 1
      orthoFar: 100
  - Entity: Sun
    UUID: ca86bc1c-8ee4-4127-83f0-48832fabca92
    Parent: 9c5194ad-bf52-4ab4-8700-a61c20fdb2a3
    TransformComponent:
      position: [0, -10.6329985, 0]
      rotation: [0.227955878, 0.33427006, -0.083673276, 0.91065824]
      scale: [1.00000012, 0.999999881, 1.00000036]
    DirectionalLight:
      {}